JASC-PAL
0100
256
38 69 109
33 70 117
16 74 131
29 72 124
19 76 139
51 71 101
59 73 90
17 80 153
29 77 161
15 82 165
38 80 133
21 82 173
66 78 88
43 81 128
35 81 158
25 86 163
80 78 82
32 86 150
9 90 179
9 91 173
75 81 83
51 84 124
79 81 78
64 82 113
74 82 89
56 85 116
69 84 89
81 82 74
72 83 95
42 86 159
70 84 101
52 84 158
67 86 97
17 94 170
33 89 173
82 83 91
32 91 162
94 82 72
36 91 169
79 86 93
74 88 94
29 96 186
76 92 98
83 90 98
31 98 182
70 89 165
88 91 93
82 93 94
75 94 110
74 94 123
95 91 92
103 90 90
92 93 102
50 98 184
83 96 107
55 99 168
88 96 103
60 97 178
50 100 179
37 104 188
40 104 182
107 94 89
88 100 112
132 92 67
84 101 128
76 99 172
104 99 100
85 103 119
96 102 101
112 99 89
48 109 188
95 103 110
58 108 179
122 99 96
126 104 87
90 107 168
61 115 184
118 107 102
139 104 77
139 104 88
111 109 130
99 112 137
110 107 165
83 118 175
152 110 85
100 120 164
143 115 96
165 111 82
126 118 131
157 116 82
135 120 122
136 117 161
117 125 158
175 118 67
170 117 95
161 119 105
159 121 94
151 123 116
173 121 78
181 119 79
175 120 93
183 118 90
177 123 89
171 127 93
162 130 113
190 128 70
139 134 164
162 128 158
203 126 61
199 127 69
190 130 83
163 134 134
221 133 61
142 146 169
215 137 69
229 135 54
203 140 95
220 140 62
214 141 83
237 139 42
247 136 56
243 138 55
227 144 59
155 156 169
210 147 98
238 143 58
234 143 70
255 142 24
255 141 41
250 144 53
247 146 44
252 145 46
255 148 29
255 147 39
252 150 28
171 163 159
203 159 137
236 155 82
255 153 53
169 168 161
255 155 44
248 155 73
247 155 87
255 158 34
163 173 168
255 159 55
255 159 70
255 160 64
173 177 173
160 181 174
170 178 180
176 178 167
185 176 165
255 166 59
191 175 169
168 182 170
163 184 171
254 169 68
255 168 76
165 185 184
192 180 160
153 190 187
164 189 180
161 190 188
255 173 86
255 173 93
253 176 79
176 190 177
185 188 173
166 194 192
169 194 186
172 194 179
196 188 168
156 197 198
255 179 93
181 193 175
190 194 178
189 196 172
164 201 197
180 197 190
186 197 180
180 199 179
172 201 185
169 202 192
178 200 186
255 186 101
255 191 96
254 191 103
254 196 112
189 208 188
204 207 191
211 213 188
0 0 0
0 0 0
0 0 0
0 0 0
0 0 0
0 0 0
0 0 0
0 0 0
0 0 0
0 0 0
0 0 0
0 0 0
0 0 0
0 0 0
0 0 0
0 0 0
0 0 0
0 0 0
0 0 0
0 0 0
0 0 0
0 0 0
0 0 0
0 0 0
0 0 0
0 0 0
0 0 0
0 0 0
0 0 0
0 0 0
0 0 0
0 0 0
0 0 0
0 0 0
0 0 0
0 0 0
0 0 0
0 0 0
0 0 0
0 0 0
0 0 0
0 0 0
0 0 0
0 0 0
0 0 0
0 0 0
0 0 0
0 0 0
0 0 0
0 0 0
0 0 0
0 0 0
0 0 0
0 0 0
0 0 0
0 0 0
0 0 0
0 0 0
0 0 0
0 0 0
0 0 0
0 0 0
0 0 0
0 0 0
